xof 0303txt 0032
template AnimTicksPerSecond {
 <9e415a43-7ba6-4a73-8743-b73d47e88476>
 DWORD AnimTicksPerSecond;
}

template Frame {
 <3d82ab46-62da-11cf-ab39-0020af71e433>
 [...]
}

template Matrix4x4 {
 <f6f23f45-7686-11cf-8f52-0040333594a3>
 array FLOAT matrix[16];
}

template FrameTransformMatrix {
 <f6f23f41-7686-11cf-8f52-0040333594a3>
 Matrix4x4 frameMatrix;
}

template Vector {
 <3d82ab5e-62da-11cf-ab39-0020af71e433>
 FLOAT x;
 FLOAT y;
 FLOAT z;
}

template MeshFace {
 <3d82ab5f-62da-11cf-ab39-0020af71e433>
 DWORD nFaceVertexIndices;
 array DWORD faceVertexIndices[nFaceVertexIndices];
}

template Mesh {
 <3d82ab44-62da-11cf-ab39-0020af71e433>
 DWORD nVertices;
 array Vector vertices[nVertices];
 DWORD nFaces;
 array MeshFace faces[nFaces];
 [...]
}

template MeshNormals {
 <f6f23f43-7686-11cf-8f52-0040333594a3>
 DWORD nNormals;
 array Vector normals[nNormals];
 DWORD nFaceNormals;
 array MeshFace faceNormals[nFaceNormals];
}

template Coords2d {
 <f6f23f44-7686-11cf-8f52-0040333594a3>
 FLOAT u;
 FLOAT v;
}

template MeshTextureCoords {
 <f6f23f40-7686-11cf-8f52-0040333594a3>
 DWORD nTextureCoords;
 array Coords2d textureCoords[nTextureCoords];
}

template ColorRGBA {
 <35ff44e0-6c7c-11cf-8f52-0040333594a3>
 FLOAT red;
 FLOAT green;
 FLOAT blue;
 FLOAT alpha;
}

template ColorRGB {
 <d3e16e81-7835-11cf-8f52-0040333594a3>
 FLOAT red;
 FLOAT green;
 FLOAT blue;
}

template Material {
 <3d82ab4d-62da-11cf-ab39-0020af71e433>
 ColorRGBA faceColor;
 FLOAT power;
 ColorRGB specularColor;
 ColorRGB emissiveColor;
 [...]
}

template MeshMaterialList {
 <f6f23f42-7686-11cf-8f52-0040333594a3>
 DWORD nMaterials;
 DWORD nFaceIndexes;
 array DWORD faceIndexes[nFaceIndexes];
 [Material <3d82ab4d-62da-11cf-ab39-0020af71e433>]
}

template TextureFilename {
 <a42790e1-7810-11cf-8f52-0040333594a3>
 STRING filename;
}

template VertexDuplicationIndices {
 <b8d65549-d7c9-4995-89cf-53a9a8b031e3>
 DWORD nIndices;
 DWORD nOriginalVertices;
 array DWORD indices[nIndices];
}

template XSkinMeshHeader {
 <3cf169ce-ff7c-44ab-93c0-f78f62d172e2>
 WORD nMaxSkinWeightsPerVertex;
 WORD nMaxSkinWeightsPerFace;
 WORD nBones;
}

template SkinWeights {
 <6f0d123b-bad2-4167-a0d0-80224f25fabb>
 STRING transformNodeName;
 DWORD nWeights;
 array DWORD vertexIndices[nWeights];
 array FLOAT weights[nWeights];
 Matrix4x4 matrixOffset;
}

template Animation {
 <3d82ab4f-62da-11cf-ab39-0020af71e433>
 [...]
}

template AnimationSet {
 <3d82ab50-62da-11cf-ab39-0020af71e433>
 [Animation <3d82ab4f-62da-11cf-ab39-0020af71e433>]
}

template FloatKeys {
 <10dd46a9-775b-11cf-8f52-0040333594a3>
 DWORD nValues;
 array FLOAT values[nValues];
}

template TimedFloatKeys {
 <f406b180-7b3b-11cf-8f52-0040333594a3>
 DWORD time;
 FloatKeys tfkeys;
}

template AnimationKey {
 <10dd46a8-775b-11cf-8f52-0040333594a3>
 DWORD keyType;
 DWORD nKeys;
 array TimedFloatKeys keys[nKeys];
}


AnimTicksPerSecond {
 4800;
}

Frame  {
 

 FrameTransformMatrix {
  1.000000,0.000000,0.000000,0.000000,0.000000,1.000000,0.000000,0.000000,0.000000,0.000000,1.000000,0.000000,0.000000,0.000000,0.000000,1.000000;;
 }

 Frame MafiaBlender_Anims {
  

  FrameTransformMatrix {
   1.000000,0.000000,0.000000,0.000000,0.000000,1.000000,0.000000,0.000000,0.000000,0.000000,1.000000,0.000000,0.000000,0.000000,0.000000,1.000000;;
  }

  Frame Root {
   

   FrameTransformMatrix {
    0.000000,0.000000,-1.000000,0.000000,0.000000,1.000000,0.000000,0.000000,1.000000,0.000000,0.000000,0.000000,0.000000,37.616330,0.621378,1.000000;;
   }

   Frame bip_spine01 {
    

    FrameTransformMatrix {
     -0.140848,0.990031,0.000000,0.000000,-0.990031,-0.140848,0.000000,0.000000,0.000000,0.000000,1.000000,0.000000,-1.089011,16.064339,0.000000,1.000000;;
    }

    Frame bip_spine03 {
     

     FrameTransformMatrix {
      -0.140848,-0.990031,-0.000000,0.000000,0.495016,-0.070424,-0.866025,0.000000,0.857392,-0.121978,0.500001,0.000000,25.311840,0.000000,0.000002,1.000000;;
     }

     Frame bip_neck01 {
      

      FrameTransformMatrix {
       0.886089,0.231757,0.401416,0.000000,-0.463515,0.443043,0.767376,0.000000,-0.000000,-0.866026,0.499999,0.000000,22.878246,6.872138,11.902893,1.000000;;
      }

      Frame bip_neck02 {
       

       FrameTransformMatrix {
        0.995408,0.095721,0.000000,0.000000,-0.095721,0.995408,0.000000,0.000000,0.000000,0.000000,1.000000,0.000000,12.794742,-0.000008,0.000001,1.000000;;
       }

       Frame bip_head {
        

        FrameTransformMatrix {
         0.875005,-0.484114,-0.000001,0.000000,0.242057,0.437504,-0.866025,0.000000,0.419256,0.757776,0.500001,0.000000,19.043520,-0.000001,0.000001,1.000000;;
        }
       }
      }
     }

     Frame bip_armL01 {
      

      FrameTransformMatrix {
       -0.088417,-0.918111,0.386336,0.000000,-0.736615,-0.200815,-0.645810,0.000000,0.670507,-0.341682,-0.658539,0.000000,1.575914,-23.315762,26.794386,1.000000;;
      }

      Frame bip_armL02 {
       

       FrameTransformMatrix {
        0.032234,-0.939214,-0.341817,0.000000,0.979950,0.096976,-0.174051,0.000000,0.196619,-0.329353,0.923508,0.000000,16.323019,0.000007,0.000001,1.000000;;
       }

       Frame bip_armL03 {
        

        FrameTransformMatrix {
         0.999737,-0.001381,-0.022879,0.000000,0.005836,0.980627,0.195799,0.000000,0.022165,-0.195881,0.980377,0.000000,37.327126,-0.000002,0.000005,1.000000;;
        }

        Frame bip_handL_base {
         

         FrameTransformMatrix {
          0.000000,-1.000000,0.000000,0.000000,-0.866060,0.000000,-0.499940,0.000000,0.499940,0.000000,-0.866060,0.000000,6.966954,-0.000005,0.000004,1.000000;;
         }

         Frame bip_handL_pinky01 {
          

          FrameTransformMatrix {
           0.042635,-0.796065,-0.603707,0.000000,-0.991423,0.041009,-0.124093,0.000000,0.123544,0.603820,-0.787489,0.000000,-7.568791,-7.475658,3.932963,1.000000;;
          }

          Frame bip_handL_pinky02 {
           

           FrameTransformMatrix {
            -0.059971,-0.991861,-0.112317,0.000000,-0.185809,0.121645,-0.975027,0.000000,0.980754,-0.037604,-0.191592,0.000000,4.519524,0.000000,0.000000,1.000000;;
           }
          }
         }

         Frame bip_handL_ring01 {
          

          FrameTransformMatrix {
           0.101755,-0.815705,-0.569448,0.000000,-0.986610,-0.009403,-0.162828,0.000000,0.127465,0.578392,-0.805739,0.000000,-3.426582,-7.195710,6.359573,1.000000;;
          }

          Frame bip_handL_ring02 {
           

           FrameTransformMatrix {
            0.006872,-0.993740,-0.111502,0.000000,-0.162341,0.108916,-0.980705,0.000000,0.986711,0.024841,-0.160576,0.000000,6.558511,0.000000,0.000011,1.000000;;
           }
          }
         }

         Frame bip_handL_middle01 {
          

          FrameTransformMatrix {
           0.105994,-0.800740,-0.589559,0.000000,-0.986565,-0.010557,-0.163030,0.000000,0.124321,0.598919,-0.791101,0.000000,1.362930,-7.478862,6.775035,1.000000;;
          }

          Frame bip_handL_middle02 {
           

           FrameTransformMatrix {
            0.005080,-0.993677,-0.112161,0.000000,-0.187311,0.109231,-0.976209,0.000000,0.982288,0.025968,-0.185572,0.000000,6.839258,0.000000,0.000005,1.000000;;
           }
          }
         }

         Frame bip_handL_index01 {
          

          FrameTransformMatrix {
           0.213351,-0.784000,-0.582946,0.000000,-0.969327,-0.095349,-0.226527,0.000000,0.122014,0.613394,-0.780295,0.000000,5.764096,-6.724602,4.844930,1.000000;;
          }

          Frame bip_handL_index02 {
           

           FrameTransformMatrix {
            0.109508,-0.987588,-0.112595,0.000000,-0.215618,0.086977,-0.972596,0.000000,0.970318,0.130784,-0.203417,0.000000,6.485229,0.000000,0.000000,1.000000;;
           }
          }
         }

         Frame bip_handL_thumb01 {
          

          FrameTransformMatrix {
           -0.353284,-0.500150,-0.790595,0.000000,-0.920954,0.037409,0.387870,0.000000,-0.164418,0.865130,-0.473831,0.000000,8.660702,-5.742790,0.871463,1.000000;;
          }

          Frame bip_handL_thumb02 {
           

           FrameTransformMatrix {
            0.611688,-0.360719,0.704074,0.000000,0.545132,-0.452770,-0.705570,0.000000,0.573296,0.815402,-0.080314,0.000000,4.859262,0.000003,-0.000008,1.000000;;
           }
          }
         }
        }
       }
      }
     }

     Frame bip_armR01 {
      

      FrameTransformMatrix {
       -0.088417,0.817611,-0.568941,0.000000,-0.781836,-0.410872,-0.468952,0.000000,-0.617183,0.403356,0.675566,0.000000,1.575922,34.862566,-6.794754,1.000000;;
      }

      Frame bip_armR02 {
       

       FrameTransformMatrix {
        0.054830,-0.919650,0.388893,0.000000,0.891871,0.220230,0.395051,0.000000,-0.448955,0.325182,0.832284,0.000000,16.323128,0.000000,-0.000002,1.000000;;
       }

       Frame bip_armR03 {
        

        FrameTransformMatrix {
         0.999524,-0.007975,0.029810,0.000000,0.014808,0.971496,-0.236593,0.000000,-0.027074,0.236921,0.971152,0.000000,37.326877,0.000000,0.000009,1.000000;;
        }

        Frame bip_handR_base {
         

         FrameTransformMatrix {
          0.000000,-1.000000,0.000000,0.000000,0.868657,0.000000,0.495414,0.000000,-0.495414,0.000000,0.868657,0.000000,6.966934,0.000005,-0.000001,1.000000;;
         }

         Frame bip_handR_pinky01 {
          

          FrameTransformMatrix {
           -0.033905,-0.225635,-0.973622,0.000000,-0.996427,-0.067768,0.050404,0.000000,-0.077354,0.971852,-0.222531,0.000000,-7.569018,7.143824,-4.507657,1.000000;;
          }

          Frame bip_handR_pinky02 {
           

           FrameTransformMatrix {
            -0.084458,-0.996427,-0.000000,0.000000,0.980702,-0.083125,-0.176957,0.000000,0.176325,-0.014946,0.984219,0.000000,4.519563,0.000000,0.000000,1.000000;;
           }
          }
         }

         Frame bip_handR_ring01 {
          

          FrameTransformMatrix {
           -0.008357,-0.193689,-0.981027,0.000000,-0.999783,-0.017088,0.011891,0.000000,-0.019067,0.980914,-0.193504,0.000000,-3.426804,9.105433,-3.052010,1.000000;;
          }

          Frame bip_handR_ring02 {
           

           FrameTransformMatrix {
            -0.020818,-0.999783,0.000000,0.000000,0.977931,-0.020363,-0.207933,0.000000,0.207888,-0.004329,0.978143,0.000000,6.558561,0.000000,-0.000005,1.000000;;
           }
          }
         }

         Frame bip_handR_middle01 {
          

          FrameTransformMatrix {
           -0.007916,-0.218552,-0.975793,0.000000,-0.999805,-0.015895,0.011671,0.000000,-0.018061,0.975696,-0.218383,0.000000,1.362691,9.606985,-3.089577,1.000000;;
          }

          Frame bip_handR_middle02 {
           

           FrameTransformMatrix {
            -0.019717,-0.999806,0.000000,0.000000,0.982921,-0.019384,-0.183004,0.000000,0.182969,-0.003608,0.983112,0.000000,6.839261,0.000005,-0.000000,1.000000;;
           }
          }
         }

         Frame bip_handR_index01 {
          

          FrameTransformMatrix {
           0.035159,-0.237420,-0.970771,0.000000,-0.996158,0.069633,-0.053109,0.000000,0.080207,0.968908,-0.234060,0.000000,5.763898,7.558266,-3.401672,1.000000;;
          }

          Frame bip_handR_index02 {
           

           FrameTransformMatrix {
            0.087574,-0.996158,-0.000004,0.000000,0.982487,0.086373,-0.165103,0.000000,0.164469,0.014455,0.986276,0.000000,6.485104,0.000008,0.000013,1.000000;;
           }
          }
         }

         Frame bip_handR_thumb01 {
          

          FrameTransformMatrix {
           -0.661305,-0.411212,-0.627360,0.000000,-0.743902,0.252076,0.618925,0.000000,-0.096367,0.875992,-0.472600,0.000000,8.660563,3.626472,-4.538177,1.000000;;
          }

          Frame bip_handR_thumb02 {
           

           FrameTransformMatrix {
            0.715602,0.697573,-0.036126,0.000000,-0.597950,0.638498,0.484537,0.000000,0.361066,-0.325134,0.874025,0.000000,4.858925,0.000003,0.000015,1.000000;;
           }
          }
         }
        }
       }
      }
     }
    }
   }

   Frame bip_legL01 {
    

    FrameTransformMatrix {
     0.948954,-0.228688,0.217226,0.000000,-0.253827,-0.962520,0.095538,0.000000,0.187236,-0.145799,-0.971434,0.000000,1.185990,-6.194721,10.680266,1.000000;;
    }

    Frame bip_legL02 {
     

     FrameTransformMatrix {
      0.551579,0.823459,0.132950,0.000000,-0.822445,0.563481,-0.077923,0.000000,-0.139081,-0.066364,0.988055,0.000000,10.530334,0.000003,0.000001,1.000000;;
     }

     Frame bip_legL03 {
      

      FrameTransformMatrix {
       0.941033,-0.310025,0.135430,0.000000,0.307925,0.950702,0.036725,0.000000,-0.140139,0.007143,0.990106,0.000000,13.793994,0.000001,0.000001,1.000000;;
      }

      Frame bip_footL {
       

       FrameTransformMatrix {
        0.261714,-0.965146,0.000001,0.000000,-0.482558,-0.130852,0.866034,0.000000,-0.835849,-0.226654,-0.499984,0.000000,7.011793,0.000001,0.000001,1.000000;;
       }
      }
     }
    }
   }

   Frame prp_apron01 {
    

    FrameTransformMatrix {
     1.000000,0.000000,0.000000,0.000000,0.000000,0.500000,-0.866026,0.000000,0.000000,0.866026,0.500000,0.000000,13.984598,3.587257,0.000000,1.000000;;
    }
   }

   Frame prp_bowL_base {
    

    FrameTransformMatrix {
     0.045639,-0.595275,0.802225,0.000000,-0.998958,-0.027196,0.036651,0.000000,-0.000000,-0.803061,-0.595896,0.000000,-16.143139,5.769955,6.410356,1.000000;;
    }

    Frame prp_bowL_01 {
     

     FrameTransformMatrix {
      0.045639,-0.998958,0.000001,0.000000,-0.992384,-0.045339,0.114531,0.000000,-0.114412,-0.005228,-0.993419,0.000000,11.190083,0.000000,0.000003,1.000000;;
     }
    }
   }

   Frame prp_bowR_base {
    

    FrameTransformMatrix {
     0.045640,-0.595271,-0.802228,0.000000,-0.998958,-0.027199,-0.036651,0.000000,-0.000002,0.803064,-0.595893,0.000000,-16.143131,5.769890,-6.410354,1.000000;;
    }

    Frame prp_bowR_01 {
     

     FrameTransformMatrix {
      0.045639,-0.998958,-0.000002,0.000000,0.397114,0.018141,0.917590,0.000000,-0.916634,-0.041879,0.397529,0.000000,11.190038,0.000001,0.000001,1.000000;;
     }
    }
   }

   Frame bip_legR01 {
    

    FrameTransformMatrix {
     0.948100,-0.231351,-0.218136,0.000000,-0.257051,-0.961464,-0.097528,0.000000,-0.187167,0.148539,-0.971033,0.000000,1.185989,-6.194725,-10.680276,1.000000;;
    }

    Frame bip_legR02 {
     

     FrameTransformMatrix {
      0.496495,0.858380,-0.129143,0.000000,-0.855668,0.509000,0.093545,0.000000,0.146031,0.064059,0.987204,0.000000,10.530324,0.000001,0.000000,1.000000;;
     }

     Frame bip_legR03 {
      

      FrameTransformMatrix {
       0.943371,-0.307801,-0.123729,0.000000,0.306032,0.951430,-0.033540,0.000000,0.128043,-0.006224,0.991749,0.000000,13.794005,-0.000001,0.000002,1.000000;;
      }

      Frame bip_footR {
       

       FrameTransformMatrix {
        0.261643,-0.965164,0.000001,0.000000,-0.473130,-0.128258,0.871606,0.000000,-0.841244,-0.228050,-0.490206,0.000000,7.011786,-0.000001,0.000000,1.000000;;
       }
      }
     }
    }
   }
  }
 }

 Frame MafiaBlender {
  

  FrameTransformMatrix {
   1.000000,0.000000,0.000000,0.000000,0.000000,1.000000,0.000000,0.000000,0.000000,0.000000,1.000000,0.000000,0.000000,0.000000,0.000000,1.000000;;
  }

  Mesh MafiaBlender {
   4495;
   2.719098;65.641274;-29.229056;,
   1.851649;65.354714;-29.932707;,
   2.529749;66.511827;-29.731546;,
   1.759442;65.778650;-30.177411;,
   1.875647;67.129197;-30.218592;,
   1.758583;67.917779;-29.215587;,
   0.679868;68.145018;-29.605530;,
   0.932058;67.327974;-30.559690;,
   -0.440749;67.832819;-29.724134;,
   1.440913;66.079290;-30.414586;,
   0.981413;66.176090;-30.580691;,
   -0.048183;67.054886;-30.663437;,
   -1.302999;67.064832;-29.539622;,
   -0.802422;66.383104;-30.502038;,
   -1.675843;66.046842;-29.101434;,
   0.504065;66.043098;-30.631213;,
   0.136772;65.715968;-30.552618;,
   -1.128561;65.492640;-30.118742;,
   0.388688;64.557754;-29.884083;,
   -0.022048;65.282336;-30.365962;,
   0.070160;64.858400;-30.121264;,
   -20.514370;89.455827;-18.390026;,
   -32.947789;82.941376;-11.221494;,
   -32.966691;91.634048;-11.665973;,
   -20.550302;99.191155;-16.649358;,
   -32.232413;99.355718;-8.416307;,
   -12.757109;113.664576;17.367645;,
   -12.235518;109.772954;23.918107;,
   0.001817;111.941952;24.048077;,
   -18.358078;111.100019;17.325586;,
   -17.580715;107.382579;23.665917;,
   -11.673712;104.486451;28.737571;,
   0.001817;106.490669;28.902499;,
   0.001817;111.941952;24.048077;,
   -17.758858;115.974374;-0.921033;,
   -22.236029;113.278170;1.255942;,
   -22.183382;108.420032;17.566269;,
   -21.276414;104.363578;23.441002;,
   -17.398576;102.636422;28.259056;,
   -11.387175;95.988166;32.467354;,
   0.001817;98.388102;32.878970;,
   11.677346;104.486451;28.737571;,
   12.239153;109.772954;23.918107;,
   -20.299509;98.899539;27.532630;,
   -15.902088;92.137427;31.189626;,
   -6.539708;81.959994;32.384330;,
   0.001818;83.143270;32.577158;,
   11.390809;95.988166;32.467354;,
   -24.301163;93.531187;26.136312;,
   -20.189291;85.704582;29.044678;,
   -10.363910;78.445382;31.788470;,
   -22.896963;77.349466;26.742931;,
   6.543344;81.959994;32.384330;,
   15.905723;92.137427;31.189626;,
   20.303142;98.899539;27.532630;,
   17.402210;102.636422;28.259056;,
   17.584349;107.382579;23.665917;,
   10.367546;78.445382;31.788470;,
   20.192928;85.704582;29.044678;,
   24.304802;93.531187;26.136312;,
   22.900600;77.349466;26.742931;,
   21.280046;104.363578;23.441002;,
   22.187016;108.420032;17.566269;,
   18.361712;111.100019;17.325586;,
   12.760742;113.664576;17.367645;,
   0.001817;115.986547;17.465155;,
   22.239662;113.278170;1.255942;,
   17.762491;115.974374;-0.921033;,
   32.970323;91.634048;-11.665973;,
   20.553938;99.191155;-16.649358;,
   32.236045;99.355718;-8.416307;,
   20.518005;89.455827;-18.390026;,
   32.951421;82.941376;-11.221494;,
   31.214029;67.653709;12.889461;,
   30.612442;73.230848;0.137565;,
   35.454243;72.566829;12.257104;,
   35.444656;74.435533;1.838860;,
   32.951421;82.941376;-11.221494;,
   22.900600;77.349466;26.742931;,
   29.232237;80.795667;23.164029;,
   20.192928;85.704582;29.044678;,
   27.246870;88.596122;24.995440;,
   24.304802;93.531187;26.136312;,
   31.045901;90.665536;21.762709;,
   28.934362;99.236909;22.148288;,
   20.303142;98.899539;27.532630;,
   21.280046;104.363578;23.441002;,
   32.470803;81.544973;20.483514;,
   35.477526;82.240640;17.994894;,
   34.572960;92.586790;18.761405;,
   33.232499;103.517715;15.426856;,
   22.187016;108.420032;17.566269;,
   31.003722;69.796992;15.793350;,
   35.454243;72.566829;12.257104;,
   31.214029;67.653709;12.889461;,
   33.258778;107.638502;4.649779;,
   22.239662;113.278170;1.255942;,
   31.147952;106.161965;-3.372072;,
   34.572960;92.586790;18.761405;,
   35.477526;82.240640;17.994894;,
   38.073424;92.490144;19.180707;,
   37.686515;82.132186;18.585670;,
   37.972099;73.696352;12.614154;,
   47.334182;76.606726;11.795710;,
   37.978874;75.597875;1.861108;,
   35.444656;74.435533;1.838860;,
   37.144029;82.941376;-11.221494;,
   35.454243;72.566829;12.257104;,
   32.951421;82.941376;-11.221494;,
   32.970323;91.634048;-11.665973;,
   37.729261;91.634048;-11.665973;,
   32.236045;99.355718;-8.416307;,
   39.961744;99.462035;-8.416307;,
   40.792198;103.312768;-3.372072;,
   31.147952;106.161965;-3.372072;,
   33.258778;107.638502;4.649779;,
   41.565283;104.649933;4.649779;,
   33.232499;103.517715;15.426856;,
   40.635046;100.635514;15.426854;,
   34.572960;92.586790;18.761405;,
   38.073424;92.490144;19.180707;,
   70.215571;91.822861;18.064910;,
   51.672966;90.215302;18.823069;,
   70.361702;84.248870;18.724662;,
   51.923722;83.158880;18.729238;,
   52.608467;77.230758;12.716842;,
   70.760755;77.307731;13.599085;,
   70.708435;77.732659;2.938763;,
   52.518701;78.625363;1.735066;,
   70.044352;82.614022;-9.918705;,
   47.271421;90.095955;17.288979;,
   47.055075;82.705363;17.218206;,
   47.334182;76.606726;11.795710;,
   47.331984;78.020915;1.991865;,
   46.614022;83.723661;-9.457638;,
   51.379149;84.341958;-11.062393;,
   70.041056;88.673779;-10.862654;,
   37.686515;82.132186;18.585670;,
   38.073424;92.490144;19.180707;,
   37.978874;75.597875;1.861108;,
   37.144029;82.941376;-11.221494;,
   46.989277;89.762912;-9.796683;,
   51.373504;90.026746;-11.417668;,
   53.052624;95.674106;-8.318860;,
   71.019584;95.030016;-8.496249;,
   53.707066;100.023757;-3.597954;,
   71.400979;100.153107;-4.439257;,
   37.729261;91.634048;-11.665973;,
   39.961744;99.462035;-8.416307;,
   48.840614;95.463226;-7.004229;,
   49.622051;99.475405;-2.724530;,
   54.296128;100.685805;4.451667;,
   71.744262;101.647296;3.195825;,
   71.307885;98.677274;13.772958;,
   40.792198;103.312768;-3.372072;,
   41.565283;104.649933;4.649779;,
   50.222077;100.242688;4.423629;,
   49.373494;96.785683;13.914998;,
   53.547328;96.948698;15.086592;,
   70.215571;91.822861;18.064910;,
   51.672966;90.215302;18.823069;,
   40.635046;100.635514;15.426854;,
   47.271421;90.095955;17.288979;,
   38.073424;92.490144;19.180707;,
   -23.175360;71.573466;-12.164977;,
   -23.103037;72.559802;-12.624627;,
   -23.160914;71.332122;-12.727333;,
   -20.734528;55.834234;6.036797;,
   -25.881107;59.966944;10.000322;,
   -25.271043;66.357965;-3.560694;,
   -21.270093;62.452506;-8.456836;,
   -14.032363;47.471626;-4.705967;,
   -14.913443;59.158861;-11.418085;,
   -9.595601;54.536102;-15.451328;,
   -12.247658;67.843168;-21.894901;,
   -15.434000;69.804621;-18.536507;,
   21.383965;55.834234;6.036797;,
   25.906261;59.966944;10.000322;,
   23.914451;57.895232;13.120105;,
   20.212198;53.396141;10.070027;,
   16.297568;46.763171;4.184832;,
   14.036029;47.471626;-4.705967;,
   20.066574;55.663782;16.480448;,
   16.962883;50.770058;14.414253;,
   16.036541;54.496678;18.926034;,
   21.987411;63.655738;22.822894;,
   12.883716;61.554029;23.896434;,
   6.170556;53.118451;20.243904;,
   0.001817;69.870618;29.213354;,
   0.001831;52.915130;20.196120;,
   -6.166899;53.118451;20.243904;,
   13.153794;72.874048;29.581706;,
   22.900600;77.349466;26.742931;,
   10.367546;78.445382;31.788470;,
   6.543344;81.959994;32.384330;,
   0.001818;83.143270;32.577158;,
   -6.539708;81.959994;32.384330;,
   -10.363910;78.445382;31.788470;,
   -13.150158;72.874048;29.581706;,
   -12.880075;61.554029;23.896434;,
   -16.032899;54.496678;18.926034;,
   -21.983774;63.655738;22.822893;,
   -20.062934;55.663782;16.480448;,
   -16.959237;50.770058;14.414253;,
   -22.896963;77.349466;26.742931;,
   -25.881107;59.966944;10.000322;,
   -20.734528;55.834234;6.036797;,
   -23.910818;57.895232;13.120105;,
   -20.208549;53.396141;10.070027;,
   -16.293901;46.763171;4.184832;,
   -14.032363;47.471626;-4.705967;,
   -27.187136;73.678323;-8.911742;,
   -27.043155;74.472480;-9.426202;,
   -27.192301;73.231462;-9.397554;,
   -27.359475;74.171424;-10.262087;,
   -25.312275;73.260122;-11.908518;,
   -24.964854;72.196192;-11.168630;,
   -24.467264;73.328813;-11.499206;,
   -24.419096;72.391270;-11.112413;,
   -27.394605;74.992102;-10.607786;,
   -25.553363;74.223162;-12.112117;,
   -24.770565;74.458234;-11.717193;,
   -27.058291;75.421094;-9.851540;,
   -27.465408;76.136563;-11.067813;,
   -26.500288;75.562131;-11.728544;,
   -26.038886;76.086042;-11.142854;,
   -27.151110;76.755290;-10.377438;,
   -20.099058;71.904326;-14.979144;,
   -20.855331;71.866816;-15.283534;,
   -20.563576;73.167411;-15.082200;,
   -20.716877;70.710106;-14.939075;,
   -19.940822;70.799866;-14.672933;,
   -18.878861;71.007750;-15.313690;,
   -18.855859;71.766298;-15.774101;,
   -18.941594;70.735418;-15.893642;,
   -18.917680;71.549414;-16.387160;,
   -16.844032;70.282816;-17.133280;,
   -16.995115;71.170202;-17.544238;,
   -16.437181;71.291878;-17.231310;,
   -16.272162;70.444819;-16.853957;,
   -19.055931;72.292454;-16.722840;,
   -17.333410;71.997766;-17.785891;,
   -18.993227;72.630822;-16.181514;,
   25.294048;66.357965;-3.560694;,
   25.906261;59.966944;10.000322;,
   21.383965;55.834234;6.036797;,
   21.332272;62.452506;-8.456836;,
   21.299242;74.747117;-14.363674;,
   24.909672;79.521274;-9.341932;,
   19.991064;86.908653;-19.650163;,
   20.518005;89.455827;-18.390026;,
   32.951421;82.941376;-11.221494;,
   14.036029;47.471626;-4.705967;,
   14.917090;59.158861;-11.418085;,
   18.188624;71.503680;-18.433350;,
   9.599248;54.536102;-16.763701;,
   12.251296;67.843168;-21.894901;,
   30.612442;73.230848;0.137565;,
   31.214029;67.653709;12.889461;,
   25.906261;59.966944;10.000322;,
   25.294048;66.357965;-3.560694;,
   24.909672;79.521274;-9.341932;,
   32.951421;82.941376;-11.221494;,
   27.714173;64.691667;18.910587;,
   31.003722;69.796992;15.793350;,
   29.232237;80.795667;23.164029;,
   29.246701;65.206093;15.455258;,
   31.214029;67.653709;12.889461;,
   25.906261;59.966944;10.000322;,
   23.914451;57.895232;13.120105;,
   22.900600;77.349466;26.742931;,
   21.987411;63.655738;22.822894;,
   20.066574;55.663782;16.480448;,
   -6.814776;28.824285;4.617531;,
   -10.631865;28.846678;3.552023;,
   -8.619942;21.895373;1.220363;,
   -11.572863;21.829416;1.507271;,
   -8.864726;20.153139;1.362409;,
   -11.674998;20.091880;1.637118;,
   -9.626902;10.571048;2.449036;,
   -12.724035;10.637495;3.529788;,
   -14.923936;20.035496;1.985278;,
   -15.880822;10.613459;3.163703;,
   -16.767398;19.578669;-1.415237;,
   -14.971181;21.771598;1.869754;,
   -16.804002;21.721376;-1.420046;,
   -16.049240;20.677797;-5.194764;,
   -15.374099;23.311275;-4.912436;,
   -13.085769;20.723890;-5.694880;,
   -12.729762;23.389637;-5.423025;,
   -9.801250;20.773285;-6.121809;,
   -8.832159;23.462682;-5.934512;,
   -7.853017;21.809962;-2.802059;,
   -8.253616;19.622698;-2.740036;,
   -14.268749;30.222723;-3.057796;,
   -10.592478;30.498378;-3.750848;,
   -7.578286;30.123590;-3.942442;,
   -6.274534;29.393190;-0.059413;,
   -8.619942;21.895373;1.220363;,
   -8.864726;20.153139;1.362409;,
   -6.814776;28.824285;4.617531;,
   -10.631865;28.846678;3.552023;,
   -14.467165;28.521075;2.151671;,
   -11.572863;21.829416;1.507271;,
   -14.971181;21.771598;1.869754;,
   -15.360557;29.042435;-0.199151;,
   -16.804002;21.721376;-1.420046;,
   -15.374099;23.311275;-4.912436;,
   -14.268749;30.222723;-3.057796;,
   -7.777551;33.775814;5.242942;,
   0.001838;33.158538;7.709088;,
   0.001838;39.579120;11.485268;,
   0.001838;39.579120;11.485268;,
   0.001838;33.158538;7.709088;,
   7.779353;33.775834;5.242942;,
   10.631870;28.846685;3.552023;,
   6.816558;28.824326;4.617531;,
   8.619936;21.895374;1.220363;,
   12.810078;39.145683;-8.207720;,
   14.320933;38.073757;1.178653;,
   12.718211;38.264016;0.887291;,
   11.650232;39.118054;-7.654849;,
   11.331853;40.119507;1.126860;,
   10.479565;42.051862;-7.809297;,
   -14.317258;38.073757;1.178653;,
   -12.806395;39.145683;-8.207720;,
   -12.714534;38.264016;0.887291;,
   -11.646553;39.118054;-7.654849;,
   -11.328175;40.119507;1.126860;,
   -10.475890;42.051862;-7.809297;,
   -11.646553;39.118054;-7.654849;,
   0.000000;38.936298;-11.923898;,
   -10.475890;42.051862;-7.809297;,
   0.001838;42.261910;-11.011293;,
   10.479565;42.051862;-7.809297;,
   11.650232;39.118054;-7.654849;,
   12.810078;39.145683;-8.207720;,
   -10.475890;42.051862;-7.809297;,
   -8.623562;34.282954;-4.303683;,
   -11.328175;40.119507;1.126860;,
   -10.209802;35.606851;0.831099;,
   10.479565;42.051862;-7.809297;,
   11.331853;40.119507;1.126860;,
   8.625372;34.282970;-4.303683;,
   10.211638;35.606851;0.831099;,
   10.631870;28.846685;3.552023;,
   14.467163;28.521082;2.151671;,
   13.989304;31.959222;3.177251;,
   15.360563;29.042442;-0.199151;,
   14.124984;33.309027;0.272164;,
   14.268744;30.222730;-3.057796;,
   7.579975;30.123674;-3.942442;,
   8.625372;34.282970;-4.303683;,
   10.592478;30.498384;-3.750848;,
   11.720596;33.967894;-3.918766;,
   13.891901;32.598406;-3.036204;,
   12.009974;35.045914;0.568498;,
   10.211638;35.606851;0.831099;,
   11.347551;33.346896;4.460308;,
   7.779353;33.775834;5.242942;,
   6.816558;28.824326;4.617531;,
   0.001838;33.158538;7.709088;,
   0.001838;27.611715;4.684437;,
   14.268744;30.222730;-3.057796;,
   15.360563;29.042442;-0.199151;,
   15.374101;23.311275;-4.912436;,
   16.804006;21.721378;-1.420047;,
   14.971179;21.771600;1.869754;,
   14.467163;28.521082;2.151671;,
   11.572872;21.829418;1.507270;,
   6.276315;29.393226;-0.059413;,
   6.816558;28.824326;4.617531;,
   0.001838;27.611715;4.684437;,
   8.619936;21.895374;1.220363;,
   15.460570;0.997949;-1.382062;,
   17.163082;0.997949;-1.624194;,
   16.865941;2.765506;-1.155526;,
   15.299075;2.765500;-0.997703;,
   13.435752;0.997949;-1.458629;,
   13.435586;2.765506;-1.047610;,
   11.616197;2.765505;-0.997703;,
   11.458894;0.997949;-1.382062;,
   16.863163;3.118014;-0.661272;,
   15.295042;3.118020;-0.592359;,
   13.430054;3.118013;-0.614154;,
   11.609274;3.118019;-0.592360;,
   9.875741;3.118013;-0.661274;,
   9.883987;2.765505;-1.155526;,
   9.576759;0.997949;-1.624194;,
   16.863163;3.247172;-0.045609;,
   15.295042;3.247172;-0.087449;,
   13.430054;3.247172;-0.074218;,
   11.609274;3.247172;-0.087449;,
   9.875741;3.247172;-0.045609;,
   15.295042;3.116013;0.381748;,
   13.430054;3.116013;0.427523;,
   11.609274;3.116013;0.381748;,
   9.875741;3.116013;0.526504;,
   11.616197;2.782326;0.744926;,
   9.883987;2.782320;0.969346;,
   16.863163;3.116013;0.526504;,
   15.299075;2.782320;0.744926;,
   13.435586;2.782320;0.815893;,
   16.865941;2.782320;0.969346;,
   15.492059;0.948063;0.825679;,
   13.438861;0.948063;0.902246;,
   11.434289;0.948063;0.825679;,
   9.525771;0.948057;1.067812;,
   17.218442;0.948057;1.067812;,
   9.525771;0.948057;1.067812;,
   10.078453;0.946147;2.686649;,
   9.883987;2.782320;0.969346;,
   10.244927;2.773916;2.686650;,
   11.280874;5.921768;2.398289;,
   10.514035;5.921768;0.578668;,
   9.875741;3.116013;0.526504;,
   9.875741;3.247172;-0.045609;,
   9.875741;3.118013;-0.661274;,
   11.644050;0.946146;3.330920;,
   11.727688;2.773916;3.278540;,
   12.251657;5.921768;2.994954;,
   13.435709;2.773916;3.351331;,
   13.421928;5.921768;3.072762;,
   14.531130;5.921768;2.968268;,
   13.439072;0.946146;3.458730;,
   15.100186;2.773916;3.252156;,
   15.463771;5.921768;2.398289;,
   16.499718;2.773916;2.686650;,
   16.865941;2.782320;0.969346;,
   16.230610;5.921768;0.578668;,
   15.192149;0.946146;3.301212;,
   16.666176;0.946147;2.686649;,
   17.218442;0.948057;1.067812;,
   16.863163;3.116013;0.526504;,
   16.863163;3.247172;-0.045609;,
   16.863163;3.118014;-0.661272;,
   16.865941;2.765506;-1.155526;,
   16.113918;5.921769;-3.416026;,
   16.120365;2.773917;-8.799670;,
   15.025808;5.921769;-4.367625;,
   15.042563;2.773918;-10.399602;,
   13.421928;5.921769;-4.694794;,
   17.163082;0.997949;-1.624194;,
   16.294274;1.000534;-9.844551;,
   14.989714;1.000535;-11.443941;,
   13.435709;2.773918;-10.621618;,
   11.855493;2.773918;-10.262024;,
   11.849640;5.921769;-4.407218;,
   10.624280;2.773917;-8.799670;,
   10.630726;5.921769;-3.416026;,
   13.438190;1.000535;-11.665312;,
   11.907644;1.000534;-11.305112;,
   10.450439;1.000534;-9.842180;,
   9.576759;0.997949;-1.624194;,
   9.883987;2.765505;-1.155526;,
   11.523305;6.854680;2.026281;,
   11.523309;10.526353;2.026282;,
   10.845358;10.526353;0.417584;,
   10.845355;6.854680;0.417583;,
   10.948520;10.526354;-3.114063;,
   10.948520;6.854681;-3.114064;,
   12.152064;10.526354;-3.665458;,
   12.025339;6.854681;-4.032962;,
   13.416180;6.854681;-4.244606;,
   13.416183;10.526354;-4.244605;,
   14.709054;10.526354;-3.630454;,
   14.833338;6.854681;-3.997959;,
   15.796125;6.854681;-3.114064;,
   15.796130;10.526354;-3.114063;,
   15.899294;10.526353;0.417584;,
   15.899290;6.854680;0.417583;,
   15.221339;10.526353;2.026282;,
   15.221339;6.854680;2.026281;,
   14.396806;6.854680;2.560552;,
   14.396808;10.526353;2.560553;,
   13.416182;10.526353;2.622575;,
   13.416180;6.854680;2.622574;,
   12.373043;6.854680;2.584816;,
   12.373046;10.526353;2.584817;,
   11.523309;10.526353;2.026282;,
   11.523305;6.854680;2.026281;,
   13.416180;6.854680;2.622574;,
   13.420458;6.769734;2.957631;,
   14.396806;6.854680;2.560552;,
   14.496776;6.769734;2.863996;,
   15.401771;6.769735;2.303150;,
   15.221339;6.854680;2.026281;,
   16.145878;6.769736;0.537471;,
   15.899290;6.854680;0.417583;,
   15.796125;6.854681;-3.114064;,
   13.425526;6.043075;3.354273;,
   14.615123;6.043075;3.223222;,
   15.615366;6.043075;2.630910;,
   16.437786;6.043075;0.679397;,
   16.032646;6.769737;-3.338803;,
   14.833338;6.854681;-3.997959;,
   14.531130;5.921768;2.968268;,
   15.463771;5.921768;2.398289;,
   16.230610;5.921768;0.578668;,
   16.113918;5.921769;-3.416026;,
   16.312637;6.043076;-3.604848;,
   13.421928;5.921768;3.072762;,
   15.025808;5.921769;-4.367625;,
   15.146160;6.043076;-4.598784;,
   14.976584;6.769737;-4.273087;,
   13.420458;6.769737;-4.579663;,
   13.416180;6.854681;-4.244606;,
   12.025339;6.854681;-4.032962;,
   13.425526;6.043076;-4.976306;,
   11.894572;6.769737;-4.311507;,
   10.711999;6.769737;-3.338802;,
   10.948520;6.854681;-3.114064;,
   10.598766;6.769735;0.537471;,
   10.845355;6.854680;0.417583;,
   13.421928;5.921769;-4.694794;,
   11.849640;5.921769;-4.407218;,
   11.739771;6.043076;-4.641247;,
   10.432005;6.043076;-3.604847;,
   10.306857;6.043075;0.679397;,
   11.342874;6.769735;2.303150;,
   11.523305;6.854680;2.026281;,
   10.630726;5.921769;-3.416026;,
   10.514035;5.921768;0.578668;,
   11.280874;5.921768;2.398289;,
   11.129278;6.043075;2.630910;,
   12.282701;6.769734;2.890065;,
   12.373043;6.854680;2.584816;,
   12.251657;5.921768;2.994954;,
   12.175752;6.043075;3.251422;,
   13.425526;6.043075;3.354273;,
   13.420458;6.769734;2.957631;,
   13.416180;6.854680;2.622574;,
   13.421928;5.921768;3.072762;,
   11.711580;11.095830;1.233974;,
   10.115130;7.487138;2.108508;,
   11.388401;10.242299;-1.115991;,
   9.889278;7.217887;-1.994000;,
   11.630430;7.434666;-4.492820;,
   12.542581;10.700556;-3.150860;,
   13.829597;7.378142;-4.758826;,
   13.621445;10.656354;-2.974471;,
   14.698424;10.612242;-2.798480;,
   9.328026;6.925399;-2.079256;,
   11.340248;7.215624;-5.128605;,
   13.881808;7.150300;-5.345435;,
   16.024902;7.321709;-3.861674;,
   17.099202;7.438804;-0.665153;,
   15.586774;10.406854;-0.233735;,
   9.602706;7.375101;2.645967;,
   8.954152;7.050330;-2.136046;,
   11.146950;7.389484;-5.552121;,
   13.916582;7.318291;-5.736194;,
   16.418907;7.085083;-4.399194;,
   17.660454;7.180702;-0.543517;,
   9.261353;7.620244;3.003988;,
   9.626896;10.571047;2.449036;,
   9.296374;10.283318;-2.180346;,
   11.239045;10.036186;-5.352732;,
   13.889606;10.034635;-5.431933;,
   16.488837;10.096651;-4.593476;,
   16.681362;7.247230;-4.757253;,
   18.034333;7.328550;-0.462492;,
   15.893298;7.528602;3.375822;,
   15.909384;7.258251;2.740038;,
   14.697429;11.187166;1.657653;,
   12.857468;7.651632;3.358923;,
   17.652446;10.374354;-0.674534;,
   15.880816;10.613459;3.163703;,
   16.116464;7.787514;3.799338;,
   10.115130;7.487138;2.108508;,
   11.711580;11.095830;1.233974;,
   12.758320;7.549945;3.945588;,
   9.602706;7.375101;2.645967;,
   14.989714;1.000535;-11.443941;,
   16.294274;1.000534;-9.844551;,
   16.557125;0.948390;-10.024913;,
   17.163082;0.997949;-1.624194;,
   17.362667;0.906937;-1.451229;,
   17.388912;0.082704;-1.511530;,
   16.578712;0.081715;-10.169387;,
   15.133805;0.957954;-11.695378;,
   13.441035;0.969332;-12.001280;,
   13.438190;1.000535;-11.665312;,
   15.568990;0.898695;-1.165784;,
   15.583067;0.082914;-1.215237;,
   15.145754;0.081469;-11.839850;,
   15.460570;0.997949;-1.382062;,
   13.435752;0.888903;-1.132694;,
   13.435358;0.083167;-1.185576;,
   13.441520;0.081168;-12.145746;,
   11.765040;0.081439;-11.706377;,
   11.775810;0.958747;-11.561915;,
   11.907644;1.000534;-11.305112;,
   13.435752;0.997949;-1.458629;,
   11.458894;0.997949;-1.382062;,
   11.356659;0.898232;-1.160787;,
   11.342134;0.082932;-1.210238;,
   9.576759;0.997949;-1.624194;,
   9.377189;0.907111;-1.451339;,
   9.349210;0.082704;-1.511639;,
   10.168891;0.081703;-10.168070;,
   10.190378;0.948666;-10.023616;,
   10.450439;1.000534;-9.842180;,
   17.218442;0.948057;1.067812;,
   16.666176;0.946147;2.686649;,
   16.874898;0.855610;2.849101;,
   15.306035;0.857909;3.519327;,
   16.855194;0.082686;2.849101;,
   17.398987;0.867805;0.944421;,
   15.590141;0.874785;0.665414;,
   15.492059;0.948063;0.825679;,
   15.192149;0.946146;3.301212;,
   13.440168;0.860637;3.743041;,
   15.295150;0.082625;3.519327;,
   15.577427;0.082241;0.624362;,
   17.375934;0.082428;0.894366;,
   13.439072;0.946146;3.458730;,
   11.644050;0.946146;3.330920;,
   11.538227;0.858084;3.552904;,
   11.548127;0.082625;3.552904;,
   13.439768;0.082565;3.743041;,
   13.438440;0.082037;0.611838;,
   10.078453;0.946147;2.686649;,
   9.870838;0.855640;2.849289;,
   9.890542;0.082686;2.849289;,
   11.353389;0.082235;0.620373;,
   9.525771;0.948057;1.067812;,
   9.345236;0.867811;0.944460;,
   9.368248;0.082428;0.894405;,
   11.341806;0.875260;0.661425;,
   13.438861;0.883075;0.655736;,
   11.434289;0.948063;0.825679;,
   13.438861;0.948063;0.902246;,
   7.579975;30.123674;-3.942442;,
   10.592478;30.498384;-3.750848;,
   8.832168;23.462683;-5.934512;,
   14.268744;30.222730;-3.057796;,
   13.891901;32.598406;-3.036204;,
   14.124984;33.309027;0.272164;,
   12.009974;35.045914;0.568498;,
   13.989304;31.959222;3.177251;,
   11.347551;33.346896;4.460308;,
   10.631870;28.846685;3.552023;,
   12.857468;7.651632;3.358923;,
   13.205819;11.141541;1.446008;,
   14.697429;11.187166;1.657653;,
   11.711580;11.095830;1.233974;,
   15.893298;7.528602;3.375822;,
   12.758320;7.549945;3.945588;,
   12.692279;7.801979;4.336385;,
   9.602706;7.375101;2.645967;,
   9.261353;7.620244;3.003988;,
   9.626896;10.571047;2.449036;,
   12.724031;10.637495;3.529788;,
   11.675007;20.091880;1.637118;,
   16.116464;7.787514;3.799338;,
   15.880816;10.613459;3.163703;,
   16.488837;10.096651;-4.593476;,
   13.889606;10.034635;-5.431933;,
   16.049242;20.677797;-5.194764;,
   16.767397;19.578669;-1.415237;,
   17.652446;10.374354;-0.674534;,
   11.572872;21.829418;1.507270;,
   10.631870;28.846685;3.552023;,
   8.619936;21.895374;1.220363;,
   8.864733;20.153139;1.362409;,
   11.675007;20.091880;1.637118;,
   14.971179;21.771600;1.869754;,
   14.923934;20.035496;1.985278;,
   16.804006;21.721378;-1.420047;,
   9.626896;10.571047;2.449036;,
   12.724031;10.637495;3.529788;,
   15.880816;10.613459;3.163703;,
   16.767397;19.578669;-1.415237;,
   16.049242;20.677797;-5.194764;,
   15.374101;23.311275;-4.912436;,
   13.085774;20.723890;-5.694880;,
   12.729758;23.389642;-5.423025;,
   14.268744;30.222730;-3.057796;,
   10.592478;30.498384;-3.750848;,
   8.832168;23.462683;-5.934512;,
   9.801243;20.773285;-6.121809;,
   7.853017;21.809963;-2.802059;,
   7.579975;30.123674;-3.942442;,
   6.276315;29.393226;-0.059413;,
   8.619936;21.895374;1.220363;,
   8.253618;19.622698;-2.740036;,
   8.864733;20.153139;1.362409;,
   13.889606;10.034635;-5.431933;,
   13.085774;20.723890;-5.694880;,
   16.049242;20.677797;-5.194764;,
   11.239045;10.036186;-5.352732;,
   9.801243;20.773285;-6.121809;,
   8.253618;19.622698;-2.740036;,
   9.296374;10.283318;-2.180346;,
   8.864733;20.153139;1.362409;,
   9.626896;10.571047;2.449036;,
   -30.352557;73.924947;-7.426567;,
   -35.435651;74.435533;1.838860;,
   -32.947789;82.941376;-11.221494;,
   -31.201782;67.653709;12.889461;,
   -35.450611;72.566829;12.257104;,
   -40.631411;100.635514;15.426854;,
   -38.069795;92.490144;19.180707;,
   -34.569328;92.586790;18.761405;,
   -33.228867;103.517715;15.426856;,
   -41.561658;104.649933;4.649779;,
   -33.255146;107.638502;4.649779;,
   -40.788570;103.312768;-3.372072;,
   -31.144317;106.161965;-3.372072;,
   -32.232413;99.355718;-8.416307;,
   -39.958115;99.462035;-8.416307;,
   -37.725626;91.634048;-11.665973;,
